[Walking Config]
x_offset=-33.000000
y_offset=48.000000
z_offset=18.000000
roll_offset=11.800000
pitch_offset=13.300000
yaw_offset=0.000000
hip_pitch_offset=25.200000
period_time=650.000000
dsp_ratio=-0.000000
step_forward_back_ratio=0.280000
foot_height=15.000000
swing_right_left=3.000000
swing_top_down=0.000000
pelvis_offset=3.000000
arm_swing_gain=1.000000
balance_knee_gain=0.200000
balance_ankle_pitch_gain=0.900000
balance_hip_roll_gain=0.300000
balance_ankle_roll_gain=0.600000
p_gain=32
i_gain=0
d_gain=0

[Camera]
Brightness=128
Contrast=32
Saturation=32
Gain=255
Exposure=1000

[RED]
hue=0
hue_tolerance=180
min_saturation=100
min_value=0
min_percent=0.300000
max_percent=50.000000

[Offset]
ID_01=0
ID_02=0
ID_03=0
ID_04=0
ID_05=0
ID_06=0
ID_07=0
ID_08=0
ID_09=0
ID_10=0
ID_11=0
ID_12=0
ID_13=0
ID_14=0
ID_15=0
ID_16=0
ID_17=0
ID_18=0
ID_19=0
ID_20=0
ID_21=0
ID_22=0
