[Walking Config]
x_offset=-10.000000
y_offset=55.000000 
z_offset=43.000000
roll_offset=10.600000
pitch_offset=5.300000
yaw_offset=0.000000
hip_pitch_offset=26.000000
period_time=650.000000 //630
dsp_ratio=0.100000
step_forward_back_ratio=0.280000
foot_height=35.000000
swing_right_left=0.000000
swing_top_down=0.000000
pelvis_offset=3.000000
arm_swing_gain=1.000000
balance_knee_gain=0.200000
balance_ankle_pitch_gain=0.900000
balance_hip_roll_gain=0.300000
balance_ankle_roll_gain=0.600000
p_gain=32
i_gain=0
d_gain=0

[Camera]
Brightness=128
Contrast=32
Saturation=32
Gain=255
Exposure=1000

[RED]
hue=0
hue_tolerance=180
min_saturation=100
min_value=0
min_percent=0.300000
max_percent=50.000000
